4294967278,9
4294967278,8
4294967278,7
4294967278,6
4294967278,5
4294967278,4
4294967279,132
4294967279,131
4294967279,130
4294967279,129
4294967279,128
4294967279,127
4294967279,126
4294967279,125
4294967279,124
4294967279,123
4294967279,122
4294967279,121
4294967279,120
4294967279,119
4294967279,118
4294967279,117
4294967279,116
4294967279,115
4294967279,114
4294967279,113
4294967279,112
4294967279,111
4294967279,110
4294967279,109
4294967279,108
4294967279,303
4294967278,303
4294967279,187
4294967279,302
4294967278,302
4294967279,301
4294967279,183
4294967279,300
4294967278,301
4294967279,299
4294967279,179
4294967278,300
4294967278,299
4294967278,132
4294967278,131
4294967278,130
4294967278,129
4294967278,128
4294967278,127
4294967278,126
4294967278,125
4294967278,124
4294967278,123
4294967278,122
4294967278,121
4294967278,120
4294967278,119
4294967278,118
4294967278,117
4294967278,116
4294967278,115
4294967278,114
4294967278,113
4294967278,112
4294967279,107
4294967279,106
4294967279,105
4294967279,104
4294967279,103
4294967279,102
4294967279,101
4294967279,100
4294967279,99
4294967279,98
4294967279,97
4294967279,96
4294967279,95
4294967279,94
4294967279,93
4294967279,92
4294967279,91
4294967279,90
4294967279,89
4294967279,87
4294967279,86
4294967279,85
4294967279,84
4294967279,83
4294967279,82
4294967279,81
4294967279,80
4294967279,79
4294967279,78
4294967279,77
4294967279,76
4294967279,75
4294967279,74
4294967279,73
4294967279,72
4294967279,71
4294967279,70
4294967279,69
4294967279,68
4294967279,67
4294967279,66
4294967279,65
4294967279,64
4294967279,63
4294967279,62
4294967279,61
4294967279,60
4294967279,59
4294967279,58
4294967279,57
4294967279,56
4294967279,55
4294967279,53
4294967279,50
4294967279,48
4294967279,44
4294967279,43
4294967279,42
4294967279,38
4294967279,35
4294967279,34
4294967279,31
4294967279,30
4294967279,29
4294967279,28
4294967279,26
4294967279,24
4294967279,23
4294967279,22
4294967279,21
4294967279,20
4294967279,19
4294967279,18
4294967279,17
4294967279,276
4294967279,16
4294967279,15
4294967279,14
4294967279,13
4294967279,12
4294967279,11
4294967279,10
4294967279,9
4294967279,8
4294967279,7
4294967279,6
4294967279,54
4294967279,5
4294967279,272
4294967279,4
4294967278,298
4294967279,164
4294967279,298
4294967279,52
4294967278,297
4294967279,297
4294967279,51
4294967279,161
4294967278,296
4294967279,296
4294967279,49
4294967278,295
4294967279,159
4294967279,295
4294967279,260
4294967279,47
4294967278,294
4294967279,294
4294967279,46
4294967278,293
4294967279,293
4294967279,45
4294967279,155
4294967279,292
4294967279,41
4294967278,292
4294967279,291
4294967279,40
4294967278,291
4294967279,290
4294967279,39
4294967279,149
4294967278,290
4294967279,289
4294967279,37
4294967279,288
4294967279,36
4294967278,289
4294967279,146
4294967279,145
4294967278,288
4294967278,260
4294967279,287
4294967279,33
4294967294,6
4294967279,286
4294967279,32
4294967278,287
4294967279,142
4294501266,0
4294501265,0
4294967294,454
4294967294,452
4294967294,413
4294967294,930
4294967294,929
4294967294,927
4294967294,926
4294967294,921
4294967294,910
4294967294,821
4294967294,819
4294967294,818
4294967294,817
4294967294,816
4294967294,59
4294967294,964
4294967294,962
4294967294,960
4294967294,905
4294967294,903
4294967294,901
4294967294,897
4294967294,831
4294967294,829
4294967294,827
4294967294,825
4294967294,442
4294967294,436
4294967294,161
4294967294,172
4294967294,963
4294967294,902
4294967294,824
4294967294,437
4294967279,141
4294967294,449
4294967294,448
4294967294,409
4294967294,402
4294967294,400
4294967294,399
4294967294,397
4294967294,396
4294967294,391
4294967294,190
4294967294,188
4294967294,49
4294967279,140
4294967294,171
4294967294,15
4294967294,35
4294967294,38
4294967294,428
4294967294,450
4294967294,412
4294967294,406
4294967294,404
4294967294,186
4294967294,185
4294967294,116
4294967294,115
4294967294,112
4294967294,106
